=== GA TSP RESULTS SUMMARY REPORT ===
Generated: 2025-05-24 16:19:56
Mode: All Instances Processing
Total Results: 51
========================================

DETAILED RESULTS:
Instance        Nodes  Run  Time(s)    Found      Optimal    Gap%%    Conv    
---------------------------------------------------------------------------------
pr439.tsp       439    1    18.2505    677016.0   107217.0   531.44   800     
pr439.tsp       439    2    18.5723    690848.0   107217.0   544.35   800     
pr439.tsp       439    3    18.5474    710800.0   107217.0   562.95   800     
rd100.tsp       100    1    1.0660     14745.0    7910.0     86.41    800     
rd100.tsp       100    2    1.0758     13528.0    7910.0     71.02    681     
rd100.tsp       100    3    1.0683     14907.0    7910.0     88.46    800     
swiss42.tsp     42     1    0.2435     1474.0     1273.0     15.79    285     
swiss42.tsp     42     2    0.2423     1422.0     1273.0     11.70    230     
swiss42.tsp     42     3    0.2445     1490.0     1273.0     17.05    336     
tsp225.tsp      225    1    5.0515     12052.0    3916.0     207.76   800     
tsp225.tsp      225    2    5.0194     12639.0    3916.0     222.75   800     
tsp225.tsp      225    3    5.0586     12342.0    3916.0     215.17   800     
ulysses16.tsp   16     1    0.0210     7515.0     6859.0     9.56     80      
ulysses16.tsp   16     2    0.0198     7876.0     6859.0     14.83    121     
ulysses16.tsp   16     3    0.0196     7801.0     6859.0     13.73    118     
pr299.tsp       299    1    8.8965     238359.0   48191.0    394.61   800     
pr299.tsp       299    2    9.1744     265555.0   48191.0    451.05   800     
pr299.tsp       299    3    8.8098     261555.0   48191.0    442.75   800     
rd400.tsp       400    1    15.7184    81948.0    15281.0    436.27   800     
rd400.tsp       400    2    15.8829    88473.0    15281.0    478.97   800     
rd400.tsp       400    3    16.0109    90221.0    15281.0    490.41   800     
pr264.tsp       264    1    7.0206     235561.0   49135.0    379.42   800     
pr264.tsp       264    2    7.0752     215287.0   49135.0    338.15   800     
pr264.tsp       264    3    7.2874     223649.0   49135.0    355.17   427     
rat195.tsp      195    1    4.0506     6809.0     2323.0     193.11   800     
rat195.tsp      195    2    4.0526     7457.0     2323.0     221.01   518     
rat195.tsp      195    3    4.0151     7156.0     2323.0     208.05   800     
ulysses22.tsp   22     1    0.0595     7958.0     7013.0     13.47    67      
ulysses22.tsp   22     2    0.0576     7733.0     7013.0     10.27    64      
ulysses22.tsp   22     3    0.0572     7841.0     7013.0     11.81    95      
ts225.tsp       225    1    5.5363     496165.0   126643.0   291.78   800     
ts225.tsp       225    2    5.3668     479738.0   126643.0   278.81   800     
ts225.tsp       225    3    5.4377     550073.0   126643.0   334.35   800     
st70.tsp        70     1    0.5998     929.0      675.0      37.63    406     
st70.tsp        70     2    0.6419     884.0      675.0      30.96    293     
st70.tsp        70     3    0.6414     1060.0     675.0      57.04    561     
rat99.tsp       99     1    1.1514     2233.0     1211.0     84.39    680     
rat99.tsp       99     2    1.2122     2195.0     1211.0     81.26    412     
rat99.tsp       99     3    1.1505     2187.0     1211.0     80.59    800     
u159.tsp        159    1    2.7584     110188.0   42080.0    161.85   702     
u159.tsp        159    2    2.7649     109239.0   42080.0    159.60   800     
u159.tsp        159    3    2.7711     116061.0   42080.0    175.81   800     
pr152.tsp       152    1    2.5981     188599.0   73682.0    155.96   800     
pr152.tsp       152    2    2.5229     212684.0   73682.0    188.65   800     
pr152.tsp       152    3    2.4769     192264.0   73682.0    160.94   621     
si175.tsp       175    1    3.3944     22238.0    21407.0    3.88     800     
si175.tsp       175    2    3.4997     22626.0    21407.0    5.69     498     
si175.tsp       175    3    3.3706     20947.0    21407.0    -2.15    687     
pr226.tsp       226    1    5.3533     329685.0   80369.0    310.21   800     
pr226.tsp       226    2    5.5848     366021.0   80369.0    355.43   800     
pr226.tsp       226    3    5.7732     390524.0   80369.0    385.91   800     

STATISTICAL SUMMARY:
Instance        Nodes  Avg.Time   Avg.Found  Optimal  Avg.Gap%% Success 
------------------------------------------------------------------------
pr439.tsp       439    18.4567    692888.0   107217.0 546.25   0/3
rd100.tsp       100    1.0700     14393.3    7910.0   81.96    0/3
swiss42.tsp     42     0.2435     1462.0     1273.0   14.85    0/3
tsp225.tsp      225    5.0432     12344.3    3916.0   215.23   0/3
ulysses16.tsp   16     0.0201     7730.7     6859.0   12.71    0/3
pr299.tsp       299    8.9602     255156.3   48191.0  429.47   0/3
rd400.tsp       400    15.8708    86880.7    15281.0  468.55   0/3
pr264.tsp       264    7.1277     224832.3   49135.0  357.58   0/3
rat195.tsp      195    4.0395     7140.7     2323.0   207.39   0/3
ulysses22.tsp   22     0.0581     7844.0     7013.0   11.85    0/3
ts225.tsp       225    5.4469     508658.7   126643.0 301.65   0/3
st70.tsp        70     0.6277     957.7      675.0    41.88    0/3
rat99.tsp       99     1.1714     2205.0     1211.0   82.08    0/3
u159.tsp        159    2.7648     111829.3   42080.0  165.75   0/3
pr152.tsp       152    2.5327     197849.0   73682.0  168.52   0/3
si175.tsp       175    3.4216     21937.0    21407.0  2.48     2/3
pr226.tsp       226    5.5704     362076.7   80369.0  350.52   0/3
