=== GA TSP RESULTS SUMMARY REPORT ===
Generated: 2025-06-09 17:09:12
Mode: Random Graph Testing (5-20 nodes)
Total Results: 78
========================================

DETAILED RESULTS:
Instance        Number of vertices Run  Time(s)    Found      Optimal    Gap%%    Conv    
---------------------------------------------------------------------------------
Random          5      1    0.0048     498.4      -1.0       0.00     28      
Random          5      2    0.0035     498.5      -1.0       0.00     0       
Random          5      3    0.0021     498.6      -1.0       0.00     21      
Random          6      1    0.0024     598.2      -1.0       0.00     18      
Random          6      2    0.0025     598.8      -1.0       0.00     5       
Random          6      3    0.0024     600.1      -1.0       0.00     12      
Random          7      1    0.0029     698.6      -1.0       0.00     21      
Random          7      2    0.0029     698.2      -1.0       0.00     9       
Random          7      3    0.0029     699.2      -1.0       0.00     5       
Random          8      1    0.0032     797.5      -1.0       0.00     25      
Random          8      2    0.0032     798.8      -1.0       0.00     50      
Random          8      3    0.0033     798.7      -1.0       0.00     40      
Random          9      1    0.0081     896.5      -1.0       0.00     7       
Random          9      2    0.0074     897.2      -1.0       0.00     22      
Random          9      3    0.0069     897.9      -1.0       0.00     17      
Random          10     1    0.0071     997.8      -1.0       0.00     10      
Random          10     2    0.0068     997.3      -1.0       0.00     19      
Random          10     3    0.0066     996.2      -1.0       0.00     25      
Random          11     1    0.0070     1096.2     -1.0       0.00     38      
Random          11     2    0.0070     1096.7     -1.0       0.00     22      
Random          11     3    0.0071     1096.6     -1.0       0.00     15      
Random          12     1    0.0079     1197.4     -1.0       0.00     57      
Random          12     2    0.0077     1195.8     -1.0       0.00     43      
Random          12     3    0.0078     1195.7     -1.0       0.00     12      
Random          13     1    0.0149     1295.8     -1.0       0.00     38      
Random          13     2    0.0149     1296.7     -1.0       0.00     56      
Random          13     3    0.0147     1296.3     -1.0       0.00     94      
Random          14     1    0.0159     1394.9     -1.0       0.00     26      
Random          14     2    0.0161     1396.4     -1.0       0.00     40      
Random          14     3    0.0160     1395.1     -1.0       0.00     33      
Random          15     1    0.0172     1495.2     -1.0       0.00     32      
Random          15     2    0.0170     1495.4     -1.0       0.00     51      
Random          15     3    0.0171     1495.6     -1.0       0.00     74      
Random          16     1    0.0184     1594.4     -1.0       0.00     101     
Random          16     2    0.0184     1595.0     -1.0       0.00     56      
Random          16     3    0.0186     1595.4     -1.0       0.00     88      
Random          17     1    0.0395     1693.9     -1.0       0.00     23      
Random          17     2    0.0377     1695.0     -1.0       0.00     28      
Random          17     3    0.0374     1694.6     -1.0       0.00     50      
Random          18     1    0.0414     1794.6     -1.0       0.00     134     
Random          18     2    0.0413     1793.6     -1.0       0.00     109     
Random          18     3    0.0407     1794.0     -1.0       0.00     95      
Random          19     1    0.0438     1893.5     -1.0       0.00     58      
Random          19     2    0.0435     1894.5     -1.0       0.00     89      
Random          19     3    0.0436     1893.7     -1.0       0.00     33      
Random          20     1    0.0467     1993.5     -1.0       0.00     49      
Random          20     2    0.0512     1993.0     -1.0       0.00     81      
Random          20     3    0.0548     1992.4     -1.0       0.00     75      
Random          21     1    0.0518     2092.3     -1.0       0.00     103     
Random          21     2    0.0489     2093.4     -1.0       0.00     63      
Random          21     3    0.0494     2091.0     -1.0       0.00     111     
Random          22     1    0.0547     2192.0     -1.0       0.00     99      
Random          22     2    0.0548     2192.3     -1.0       0.00     35      
Random          22     3    0.0654     2192.1     -1.0       0.00     117     
Random          23     1    0.0590     2292.2     -1.0       0.00     68      
Random          23     2    0.0546     2291.1     -1.0       0.00     62      
Random          23     3    0.0534     2292.4     -1.0       0.00     81      
Random          24     1    0.0578     2392.1     -1.0       0.00     92      
Random          24     2    0.0568     2392.0     -1.0       0.00     92      
Random          24     3    0.0576     2390.3     -1.0       0.00     67      
Random          25     1    0.0596     2490.9     -1.0       0.00     42      
Random          25     2    0.0595     2491.3     -1.0       0.00     145     
Random          25     3    0.0591     2490.9     -1.0       0.00     126     
Random          26     1    0.0650     2590.8     -1.0       0.00     122     
Random          26     2    0.0643     2591.1     -1.0       0.00     81      
Random          26     3    0.0645     2590.9     -1.0       0.00     91      
Random          27     1    0.0648     2691.3     -1.0       0.00     231     
Random          27     2    0.0651     2689.8     -1.0       0.00     167     
Random          27     3    0.0655     2689.7     -1.0       0.00     116     
Random          28     1    0.0684     2790.9     -1.0       0.00     109     
Random          28     2    0.0724     2790.0     -1.0       0.00     69      
Random          28     3    0.0737     2789.9     -1.0       0.00     108     
Random          29     1    0.0774     2889.7     -1.0       0.00     179     
Random          29     2    0.0733     2890.4     -1.0       0.00     137     
Random          29     3    0.0727     2889.3     -1.0       0.00     208     
Random          30     1    0.0774     2988.4     -1.0       0.00     147     
Random          30     2    0.0766     2988.8     -1.0       0.00     102     
Random          30     3    0.0761     2988.9     -1.0       0.00     108     

AVERAGE RESULTS BY NODE COUNT:
Number of vertices Avg.Time(s)  Avg.Distance Avg.Fitness  Avg.Conv    
------------------------------------------------------
5      0.0035       498.48       25.077326    16          
6      0.0024       599.04       20.046247    11          
7      0.0029       698.69       16.712250    11          
8      0.0032       798.34       14.325775    38          
9      0.0075       897.23       12.546046    15          
10     0.0068       997.12       11.145871    18          
11     0.0070       1096.50      10.033591    25          
12     0.0078       1196.31      9.122100     37          
13     0.0148       1296.25      8.360648     62          
14     0.0160       1395.46      7.720060     33          
15     0.0171       1495.42      7.166819     52          
16     0.0185       1594.93      6.689667     81          
17     0.0382       1694.49      6.271540     33          
18     0.0411       1794.05      5.903503     112         
19     0.0436       1893.88      5.574543     60          
20     0.0509       1992.95      5.283118     68          
21     0.0501       2092.22      5.019196     92          
22     0.0583       2192.14      4.780155     83          
23     0.0557       2291.91      4.562405     70          
24     0.0574       2391.47      4.364111     83          
25     0.0594       2491.05      4.181431     104         
26     0.0646       2590.89      4.014640     98          
27     0.0651       2690.29      3.860593     171         
28     0.0715       2790.28      3.717239     95          
29     0.0745       2889.78      3.584466     174         
30     0.0767       2988.71      3.461830     119         
